nx = 41
ny = 10
x= -2 -1.9 -1.8 -1.7 -1.6 -1.5 -1.4 -1.3 -1.2 -1.1 -1 -0.9 -0.8 -0.7 -0.6 -0.5 -0.4 -0.3 -0.2 -0.1 0 0.1 0.2 0.3 0.4 0.5 0.6 0.7 0.8 0.9 1 1.1 1.2 1.3 1.4 1.5 1.6 1.7 1.8 1.9 2 
y[-2] =-0.584339 0.550351 -1.19593 3.50647 0.314619 0.248891 0.641712 -0.17403 0.568913 1.0064 
y[-1.9] =11.8206 -0.501185 5.08229 2.00802 4.85784 -0.671077 -3.35735 1.73113 8.8281 1.42471 
y[-1.8] =-6.65404 8.25851 1.12173 7.37662 9.42133 10.1081 6.23418 -0.750554 0.0657111 2.58404 
y[-1.7] =5.69261 5.1545 -1.35619 -2.87189 -4.0713 -9.32894 4.18097 1.64545 10.1863 13.7213 
y[-1.6] =15.4761 -11.0869 4.44264 8.06163 -3.72106 -12.0463 10.786 12.1029 27.7087 15.5675 
y[-1.5] =-0.432913 15.8691 -7.74384 6.11638 15.1569 0.767891 17.8011 -17.0243 -4.56637 17.0088 
y[-1.4] =-20.9474 9.11256 14.158 -6.38 2.92476 18.6586 5.37754 -3.99024 24.5851 -5.78203 
y[-1.3] =2.81723 -11.8918 -23.1858 23.1991 4.43264 18.5621 20.3789 4.36906 22.2825 38.5294 
y[-1.2] =-5.0861 -11.4771 27.5074 1.55737 18.4267 12.4034 35.6333 3.59409 -2.42631 -10.184 
y[-1.1] =38.1553 -26.114 10.8499 18.4639 1.60379 -5.85296 -2.45342 17.6904 16.454 0.216719 
y[-1] =-25.5625 11.0716 14.9244 -39.304 -41.4748 9.07823 -7.58557 -12.1842 -21.6399 -1.93014 
y[-0.9] =-9.21906 3.17976 15.828 -29.7351 8.24924 -2.80514 -37.1067 -10.0804 -22.5549 34.4631 
y[-0.8] =-1.44063 7.11555 -18.9506 -31.2787 -2.18217 -16.3021 -10.2662 10.8038 -39.6981 -8.86493 
y[-0.7] =-49.7723 -20.308 -51.5217 -41.4314 -7.15555 17.4101 11.2774 -17.0415 -44.1345 -30.0816 
y[-0.6] =-45.7522 -29.4858 -21.1017 -8.71667 -33.8611 -11.1716 -23.8971 -25.7619 -15.7956 -34.1808 
y[-0.5] =-33.9861 -24.1715 -42.6751 -21.5494 0.886962 -62.4395 -63.3581 -34.4672 -8.19102 -13.697 
y[-0.4] =15.5816 -2.16633 25.1289 -40.1474 -10.3417 -37.2862 -29.5841 -25.2084 -15.6083 -14.4751 
y[-0.3] =-12.9095 -41.3671 -19.9369 -21.2499 -28.1259 -62.7918 -42.7852 -42.6854 -39.344 -58.4759 
y[-0.2] =9.30256 -5.45229 -58.5221 30.5715 -7.91172 -64.0471 -5.894 -5.99724 -0.044379 -41.4514 
y[-0.1] =11.2862 -3.86044 34.907 8.91518 -6.51521 -20.7041 -11.8144 -52.9369 -21.7202 -15.1668 
y[0] =3.55391 6.7526 26.3138 12.6378 9.82147 -11.0116 -16.4364 -6.4644 25.4002 -7.24162 
y[0.1] =6.55509 13.0746 34.9886 40.4943 -7.49872 -0.104693 14.9663 6.17579 27.4562 5.83749 
y[0.2] =31.1783 20.7338 24.9465 22.7709 30.665 33.3062 39.5121 17.9777 12.0102 25.7597 
y[0.3] =59.5664 45.2386 8.76659 28.3977 46.8243 52.3884 35.6295 38.6313 43.598 51.5231 
y[0.4] =53.8386 60.9301 57.5886 60.4955 82.0261 78.3578 60.0912 60.7012 64.1444 41.0297 
y[0.5] =68.0164 71.2723 57.0916 59.3068 53.4929 95.6638 73.4427 56.5095 47.3142 63.568 
y[0.6] =74.2847 62.7463 67.001 73.4771 74.6851 56.555 62.0579 61.1627 81.0348 63.2315 
y[0.7] =66.226 73.3629 61.185 73.2965 70.5875 68.8534 51.4024 58.7737 70.4843 68.4121 
y[0.8] =64.0695 58.0649 52.4194 56.299 58.097 54.9491 45.233 55.5149 56.2886 53.5371 
y[0.9] =37.1536 38.7126 39.8666 35.8034 33.7779 36.4668 35.9403 34.9431 37.6625 36.0769 
y[1] =13.715 13.385 13.2179 13.5477 13.6192 13.6141 13.5275 13.8252 13.253 13.5549 
y[1.1] =-11.842 -18.6441 -16.4173 -17.4575 -16.8449 -20.5055 -14.5321 -17.3428 -14.4707 -16.4954 
y[1.2] =-47.1536 -47.5951 -52.4053 -53.2249 -58.1113 -52.0925 -47.3815 -53.0729 -53.3941 -52.5037 
y[1.3] =-88.5787 -84.3975 -92.549 -81.4453 -74.2498 -76.9765 -80.6015 -80.4529 -82.7289 -86.4647 
y[1.4] =-111.745 -105.055 -117.748 -123.874 -114.549 -109.691 -103.518 -104.001 -112.347 -114.663 
y[1.5] =-124.652 -140.982 -131.584 -116.243 -141.383 -126.449 -124.008 -118.624 -141.138 -145.462 
y[1.6] =-147.284 -175.935 -127.944 -127.301 -102.827 -128.011 -124.65 -140.952 -134.162 -140.419 
y[1.7] =-126.386 -130.452 -149.073 -144.314 -131.204 -126.054 -137.781 -159.735 -141.1 -141.389 
y[1.8] =-129.223 -116.417 -119.17 -118.227 -113.318 -128.779 -134.832 -93.8362 -102.575 -131.853 
y[1.9] =-91.9072 -110.893 -85.5475 -98.32 -97.9303 -88.0789 -90.4845 -98.7992 -80.5497 -108.66 
y[2] =-73.4204 -50.1908 -31.8243 -49.6487 -55.476 -39.4284 -61.5869 -40.5482 -30.2039 -38.2284 
